<svg width="177" height="82" viewBox="0 0 177 82" fill="none" xmlns="http://www.w3.org/2000/svg">
<circle cx="31.5" cy="50.5" r="31.5" fill="#002B3D"/>
<path fill-rule="evenodd" clip-rule="evenodd" d="M32.0963 69.1862C31.5706 69.2338 31.0381 69.2581 30.5 69.2581C20.835 69.2581 13 61.423 13 51.7581C13 49.3625 13.4813 47.0793 14.3526 45C10.5094 47.7161 8 52.194 8 57.2581C8 65.5423 14.7157 72.2581 23 72.2581C26.4202 72.2581 29.5731 71.1134 32.0963 69.1862Z" fill="#FAFDFF" fill-opacity="0.26"/>
<circle cx="55" cy="26" r="19" fill="#C4C4C4"/>
<circle cx="55" cy="65" r="15" fill="#FF870A"/>
<circle cx="74" cy="6" r="6" fill="#002B3D"/>
<circle cx="89" cy="21" r="5" fill="#C4C4C4"/>
<circle cx="50" cy="5" r="5" fill="#FF870A"/>
<path d="M108.52 33.6C109.027 33.6 109.413 33.76 109.68 34.08C109.973 34.3733 110.12 34.7733 110.12 35.28V60.6C110.12 61.08 109.987 61.4667 109.72 61.76C109.453 62.0533 109.08 62.2 108.6 62.2C108.12 62.2 107.76 62.0533 107.52 61.76C107.28 61.4667 107.16 61.08 107.16 60.6V40.16L98.48 56.8C98.1067 57.5733 97.56 57.96 96.84 57.96C96.1467 57.96 95.6 57.5733 95.2 56.8L86.48 40.36V60.6C86.48 61.08 86.3467 61.4667 86.08 61.76C85.84 62.0533 85.48 62.2 85 62.2C84.52 62.2 84.1467 62.0533 83.88 61.76C83.6133 61.4667 83.48 61.08 83.48 60.6V35.28C83.48 34.7733 83.6267 34.3733 83.92 34.08C84.2133 33.76 84.6133 33.6 85.12 33.6C85.7867 33.6 86.32 33.9867 86.72 34.76L96.88 54.24L106.92 34.76C107.133 34.3333 107.36 34.04 107.6 33.88C107.867 33.6933 108.173 33.6 108.52 33.6ZM131.713 57.48C132.006 57.48 132.259 57.6 132.473 57.84C132.686 58.08 132.793 58.3867 132.793 58.76C132.793 59.4267 132.326 60.04 131.393 60.6C130.433 61.16 129.419 61.5867 128.353 61.88C127.286 62.1467 126.246 62.28 125.233 62.28C122.219 62.28 119.833 61.3867 118.073 59.6C116.339 57.8133 115.473 55.3467 115.473 52.2C115.473 50.2 115.859 48.44 116.633 46.92C117.406 45.3733 118.486 44.1733 119.873 43.32C121.286 42.4667 122.886 42.04 124.673 42.04C127.206 42.04 129.219 42.8667 130.713 44.52C132.206 46.1733 132.953 48.4133 132.953 51.24C132.953 51.7733 132.846 52.16 132.633 52.4C132.419 52.64 132.073 52.76 131.593 52.76H118.713C118.953 57.3467 121.126 59.64 125.233 59.64C126.273 59.64 127.166 59.5067 127.913 59.24C128.659 58.9467 129.459 58.56 130.313 58.08C131.006 57.68 131.473 57.48 131.713 57.48ZM124.713 44.56C123.006 44.56 121.633 45.0933 120.593 46.16C119.579 47.2267 118.979 48.7333 118.793 50.68H130.113C130.059 48.7067 129.566 47.2 128.633 46.16C127.699 45.0933 126.393 44.56 124.713 44.56ZM145.767 62.28C143.953 62.28 142.34 61.8667 140.927 61.04C139.54 60.2133 138.46 59.04 137.687 57.52C136.94 56 136.567 54.24 136.567 52.24C136.567 50.24 136.953 48.4667 137.727 46.92C138.527 45.3733 139.633 44.1733 141.047 43.32C142.46 42.4667 144.087 42.04 145.927 42.04C146.94 42.04 147.94 42.1867 148.927 42.48C149.94 42.7467 150.82 43.1467 151.567 43.68C152.047 44 152.38 44.32 152.567 44.64C152.78 44.9333 152.887 45.2667 152.887 45.64C152.887 46.0133 152.78 46.32 152.567 46.56C152.38 46.8 152.127 46.92 151.807 46.92C151.62 46.92 151.42 46.8667 151.207 46.76C150.993 46.6533 150.807 46.5467 150.647 46.44C150.513 46.3333 150.42 46.2667 150.367 46.24C149.673 45.7867 149.007 45.4267 148.367 45.16C147.753 44.8933 146.993 44.76 146.087 44.76C144.14 44.76 142.62 45.4267 141.527 46.76C140.46 48.0667 139.927 49.8933 139.927 52.24C139.927 54.5867 140.46 56.4 141.527 57.68C142.62 58.96 144.14 59.6 146.087 59.6C146.993 59.6 147.767 59.4667 148.407 59.2C149.073 58.9333 149.74 58.5733 150.407 58.12C150.7 57.9333 150.98 57.7733 151.247 57.64C151.513 57.5067 151.74 57.44 151.927 57.44C152.22 57.44 152.46 57.56 152.647 57.8C152.86 58.04 152.967 58.3467 152.967 58.72C152.967 59.0667 152.873 59.3867 152.687 59.68C152.5 59.9467 152.153 60.2533 151.647 60.6C150.9 61.1067 149.993 61.52 148.927 61.84C147.887 62.1333 146.833 62.28 145.767 62.28ZM164.947 62.28C163.107 62.28 161.481 61.8667 160.067 61.04C158.681 60.2133 157.601 59.04 156.827 57.52C156.081 55.9733 155.707 54.1867 155.707 52.16C155.707 50.1333 156.081 48.36 156.827 46.84C157.601 45.2933 158.681 44.1067 160.067 43.28C161.481 42.4533 163.107 42.04 164.947 42.04C166.787 42.04 168.414 42.4533 169.827 43.28C171.241 44.1067 172.321 45.2933 173.067 46.84C173.841 48.36 174.227 50.1333 174.227 52.16C174.227 54.1867 173.841 55.9733 173.067 57.52C172.321 59.04 171.241 60.2133 169.827 61.04C168.414 61.8667 166.787 62.28 164.947 62.28ZM164.947 59.6C166.867 59.6 168.334 58.9733 169.347 57.72C170.387 56.44 170.907 54.5867 170.907 52.16C170.907 49.7867 170.387 47.96 169.347 46.68C168.307 45.3733 166.841 44.72 164.947 44.72C163.054 44.72 161.587 45.3733 160.547 46.68C159.507 47.96 158.987 49.7867 158.987 52.16C158.987 54.56 159.494 56.4 160.507 57.68C161.547 58.96 163.027 59.6 164.947 59.6Z" fill="#002B3D"/>
</svg>
